100
100 1
100
10 3
20 3 15
435043 2
364377 623593
2 5
1 1 1 1 1
1000000 5
1 1 1 1 1
3 4
2 2 2 4
998224 2
163021 621961
6 5
2 3 4 1 3
259243 3
288413 70164 697484
484580 3
665708 974331 412544
1 5
1 1 1 1 1
3 5
159 256 87 53 309
926405 5
807055 464309 925743 474270 618002
1000000 5
724932 407796 521889 528721 807319
596722 5
395890 92712 235876 318454 161154
2 4
2 2 2 6
1 5
1000000 1000000 1000000 1000000 1000000
380013 4
600500 960296 252078 895145
915507 5
472053 683260 110458 542420 552627
805313 5
32402 237321 470764 623030 871035
9 5
2 2 3 3 3
674708 5
998955 645676 635203 581111 374107
433433 3
901562 500450 18316
82465 2
472625 988705
466070 3
70560 915902 176714
674137 5
12661 225515 282234 521914 961542
323821 5
282532 383790 867764 884031 480949
733447 5
869368 754365 554016 497723 194952
931835 2
313508 501264
249339 5
862840 311103 217949 202698 107548
293097 1
887849
1000000 1
1000000
954851 4
89405 133491 723280 984549
1 5
947126 569541 815362 411335 65723
1000000 5
575222 888430 8070 826532 246714
631780 3
482987 150864 153693
838148 1
566170
346439 2
170126 876211
997010 5
81528 950356 691210 6052 795129
532712 5
75156 45972 76664 38221 366929
897640 1
830449
1000000 5
709668 112304 719421 905608 59429
684743 4
234704 479181 68532 102467
3 4
2 2 2 3
7 5
1 1 1 1 1
261816 4
879524 38236 266269 630778
635645 1
212132
1000000 1
999999
10 5
552 350 88 261 423
584835 5
794446 632851 27592 601500 97160
574491 4
8034 576472 777049 694200
4 5
3 1 1 1 1
10 5
5 5 5 5 10
169815 2
831702 67725
306733 4
311374 950618 222634 488087
11 5
5 5 5 5 10
814888 4
239623 791918 748691 150507
3 3
1 1 100
324711 2
641814 177584
406982 5
188016 258789 182576 476429 845305
844774 5
261203 739412 84396 569472 488102
75769 1
715161
3 5
113 647 779 229 709
74390 4
437886 652816 574839 972554
1000000 5
772252 134386 236418 437225 722564
731424 5
188499 288031 153871 364280 293343
764689 5
156948 315034 410150 580525 782491
592722 3
408215 213418 286657
192838 4
332425 466172 857332 258652
7 5
52 81 167 3 178
2 5
7 5 1 9 7
1000000 5
1000000 1000000 1000000 1000000 1000000
1000000 5
417650 905499 490574 559648 746082
704155 2
283593 203815
65833 3
956268 355714 778293
808483 1
357078
598516 4
581622 941764 244318 390104
851465 5
440370 726322 90829 623771 128650
45826 4
1757 466115 921890 509188
476151 4
712461 632640 474374 875481
204606 5
46360 125800 255516 298780 411612
574424 5
555436 721056 725978 201111 611514
384074 5
805786 456127 264620 159815 117853
783012 2
122006 480868
11 5
10 5 5 5 5
612435 5
240334 66984 390737 102768 57472
264279 5
77094 166918 293626 764 331606
246525 2
193565 385008
5 5
49 103 59 97 81
456788 5
675018 282464 106630 914649 783365
81958 5
824141 596139 944797 26838 814088
406104 4
931509 326770 794064 567153
101579 1
761279
152091 5
343429 605849 693389 745785 948491
539250 5
540068 932694 380331 446571 985411
580590 1
909644
551885 2
70424 865167
816679 5
968042 885976 748307 239365 183402
466834 4
171899 708563 933804 910884
856725 5
85598 710644 213411 668934 101381
