100
100 1
100
10 3
20 3 15
2 5
1 1 1 1 1
2 5
1 2 5 4 4
1000000 5
406410 601905 986241 290507 277857
693026 3
607249 827010 367873
862568 5
370787 570931 332163 946864 984377
906973 5
784194 463523 422024 371185 242485
983403 5
625089 460071 435179 163176 136386
875721 1
577808
309096 4
31422 407059 390652 911791
3 4
2 2 2 4
694208 5
665022 354287 329019 309702 171880
664084 1
217109
950251 4
607791 207055 838888 279850
600690 4
846067 784786 864752 728349
408726 5
282415 335057 161671 169119 300681
920540 5
160317 93739 373210 129296 41244
1000000 5
310905 281241 196936 752818 770352
564239 2
465176 975632
314214 5
107662 141709 205559 101871 85044
722955 5
157766 603693 687017 798330 828864
442185 5
974583 214815 542158 711903 645760
590189 5
285866 44461 784101 749419 934988
381297 4
468752 144444 164257 198036
527804 4
178632 145521 223308 951526
47446 1
887211
10 5
5 5 5 5 10
393318 1
223662
400963 3
83292 158496 1652
242990 2
39861 206287
203950 4
559486 527600 565874 26088
963285 5
487135 707703 267881 786395 388045
2 4
2 2 2 6
797686 3
968724 632160 845132
1000000 5
1 1 1 1 1
911845 3
126270 48216 553449
880369 5
947201 895215 616319 193913 183130
3 4
2 2 2 3
1000000 5
336242 721976 21907 406551 731045
747151 5
246751 264063 882283 457310 593081
787394 4
627240 514478 495096 411472
1 5
1 1 1 1 1
392262 5
135635 357857 100981 383031 280812
22213 5
30539 192128 425028 852704 924212
1000000 5
649473 901126 860778 235062 852627
1000000 5
1000000 1000000 1000000 1000000 1000000
1 5
5 14 15 9 1
617023 4
537857 147638 397704 701584
930074 2
552601 965223
4 5
1 1 1 1 1
980971 3
71908 142969 272297
272719 3
827506 24359 963129
11 5
5 5 5 5 10
9 5
42 47 48 33 37
7 5
1 2 1 4 2
1000000 1
1000000
590092 5
702465 383836 348928 640841 271372
1 5
1000000 1000000 1000000 1000000 1000000
857976 5
906589 210678 516916 944153 955792
1000000 1
999999
386723 2
795493 403962
849273 5
546071 578033 601121 618780 784920
1000000 5
395345 479650 822678 252786 112955
815123 3
967225 14680 953243
581959 1
39192
743336 5
270512 291327 762749 885658 935402
610113 5
36749 370815 64332 66055 393027
223706 4
797844 421073 264330 163728
266608 4
212933 825424 399983 267141
3 5
1 1 1 1 1
133391 1
669276
399493 4
107548 729888 835752 873425
7 5
302 234 105 402 95
2 5
5 9 1 2 10
974184 1
298862
6 5
134 237 19 222 557
853926 5
914594 831615 426166 220969 99973
289280 2
864975 447944
179153 3
772895 927659 261378
3 3
1 1 100
1 5
757095 78800 968540 527177 533392
998997 3
324902 352006 347227
672060 1
707699
912665 2
436260 249526
11 5
10 5 5 5 5
638684 2
902783 408448
819140 4
119100 815388 975204 213410
921307 1
475456
943282 5
382755 690410 701729 356939 989272
65750 2
639712 577959
828333 2
343685 739177
413446 3
804651 937748 98916
304597 1
782909
35110 5
917238 203350 460137 416992 344790
431154 5
81557 408909 508589 790179 979801
139665 5
877063 779968 276050 666428 972741
2 5
426 956 544 576 64
1038 5
266859 652580 68047 447166 196275
579401 2
67010 663956
