8.612098375617839 0.6997413970225541 -1
3.6107256743155736 8.954227666355255 -1
6.380646001492546 9.914406559803883 1
2.0815325146328654 1.0395238182728206 -1
7.205252624866731 2.737530912757423 -1
3.507767221126834 0.9196559232585855 -1
4.534775961474691 0.7575468122650364 -1
7.819405318125272 6.533220170656591 1
6.698171259404741 3.8788572917051067 -1
5.985837972798444 7.108136573245767 -1
4.697252708401861 5.538005488111661 -1
2.1937748016067915 9.06996187020814 -1
5.264448302149489 3.738579003662428 -1
0.1424141689705527 1.9629465472488095 -1
8.785554625105386 0.09446024018967658 -1
6.754747046424596 0.6846232426984789 -1
9.529773588882971 6.428171174640004 1
0.2582831088121984 7.988315478928701 -1
0.7551528108327099 9.15811767799502 -1
8.50575932965093 5.531090953886374 1
5.016447055165911 9.11534650555071 1
8.955450766243574 5.807404390570936 1
5.429672149896519 7.112752661714562 -1
6.068700573863207 1.739958427541738 -1
9.796917639368964 8.461278249471654 1
8.966677138400652 0.49415292558755985 -1
5.926455210249185 8.494694677705944 1
5.140887042570666 4.305125313012129 -1
2.762388804619653 1.1559056572664994 -1
6.293935405564472 3.9249088854812744 -1
1.7253887654983124 0.4065106552990394 -1
4.9371480546945286 4.972012242164491 -1
5.121500896636024 2.987874732868381 -1
6.949788553910371 6.965351168313523 -1
5.576175182227302 3.2061710882714545 -1
5.3611939643835 4.970482863325165 -1
8.561934862434057 1.2116208487171642 -1
0.021997395129929043 3.3899585392467135 -1
6.916784619818054 3.383849675959877 -1
8.947753333713512 9.920696954435682 1
