5.825907310024964 1.079050031618154 -1
9.164469829725167 7.551595376136733 1
5.4473251778175635 9.634730194680678 1
3.912695204966452 0.5245362861446445 -1
6.3617009445556345 4.714178385278624 -1
8.963460529019848 7.856108328472824 1
3.326144947538636 4.143773541211077 -1
5.833383668934071 5.588471149280501 -1
7.6840091727071425 9.042180585646575 1
4.015776327392041 9.854525847075683 1
2.196036979710901 2.2197691179041055 -1
8.608295753121025 5.043290709144803 1
7.532458646881684 2.4651730632718563 -1
4.769031171933645 5.895976680054805 -1
6.920368445315297 6.135225709486846 1
5.73403204173616 2.7708030639629255 -1
7.996411316698978 0.4519395423590733 -1
8.174426277929093 0.5594028721939037 -1
6.007224703746974 9.362459228885703 1
7.834210479637292 9.36678122049329 1
